[-1, -2, 0, -1, 0, 0, 9, 0, 0, 0, 0, 0] 2
[-1, -1, -1, 0, -1, 0, 0, 2, 0, 0, 0, 0] 2
[-1, -2, 0, 0, 0, 0, 0, 0, 0, 0, 0, 0] 2
[-19, -23, -9, -9, -11, 3, -2, -8, -8, 1, 5, 0] 3
[-19, -21, -9, -9, -12, 4, -2, -2, -8, 1, 6, 0] 3
[-19, -9, -23, -2, -11, 3, -9, 5, -8, 1, -4, 0] 3
[-19, -9, -21, -2, -12, 4, -9, 6, -7, 1, -3, 0] 3
[-16, -20, -6, -6, -8, -3, 1, -9, -5, 4, 2, 0] 3
[-16, -12, -6, -6, -10, 3, -2, -3, -8, 2, 8, 0] 1
[-16, -6, -20, 1, -8, -4, -6, 2, -5, 4, -7, 0] 3
[-16, -6, -12, -1, -10, 3, -6, 8, -8, 3, -3, 0] 3
[-14, -16, -6, -6, -7, 1, -1, -5, -7, 2, 4, 0] 3
[-14, -16, -6, -6, -9, -1, -1, -7, -5, 4, 2, 0] 2
[-14, -12, -6, -6, -2, 2, -1, -3, -7, 2, 6, 0] 1
[-14, -10, -6, 0, -8, -7, -1, -8, -5, 4, 1, 0] 1
[-14, -10, -4, -9, -8, 5, -1, -1, -6, 3, 8, 0] 3
[-14, -6, -16, -7, -7, 0, -6, 4, -7, 2, -5, 0] 3